1415
7408
8897
2825
6807
2192
7813
8935
9092
2994
3645
9215
6424
5130
4847
1095
7917
1854
4237
8771
4289
9034
9302
8264
9249
3141
4220
2868
3407
6457
5358
5620
1324
3722
1398
9049
9220
6888
7026
9472
8294
1428
4200
2591
7790
1464
8805
9321
6162
8782
8132
5322
7303
8728
1430
8830
3500
3432
2205
7118
7741
9935
7878
5048
5092
8819
6417
8942
8535
3982
2052
9825
8734
8739
7824
7491
4258
4593
2002
6598
1358
9489
6681
2655
5549
1544
5669
3567
8616
8370
6638
3704
6031
7146
9270
7856
5341
4966
6802
1207
4460
9767
3171
3029
1757
8764
8262
7677
5939
1523
9418
5045
5563
4530
3838
5693
1825
2679
8309
1088
4112
8272
3746
2335
8329
6984
2047
1690
8308
8604
8347
1170
9345
5743
6383
6351
9180
1162
7362
3211
8925
5067
7376
5924
9104
5993
3799
7233
3386
7602
7347
2504
4425
5672
7508
6464
6684
1458
8481
2562
4563
4594
5838
1064
8640
6027
4463
7551
7137
9198
7723
1889
8489
5494
3708
8223
9230
6479
8693
9455
5798
5821
7293
4675
1653
9115
8887
9932
1590
5938
8806
3956
4345
2374
6816
8600
9643
5700
3043
1557
3777
3699
4377
4365
3647
3274
6004
1374
6483
9350
4213
9594
2292
5043
8561
3139
6693
7657
7891
1645
5378
6074
8952
1423
2230
8421
7004
2905
2986
6511
8755
4744
2321
1499
8229
7120
6102
3399
8027
1878
9740
7512
5291
7436
5151
2680
6508
5388
1963
2664
8084
9851
8592
7392
3482
5732
6055
1538
4441
3147
1070
9807
8458
1372
3381
8839
9802
7988
9648
3518
8746
7001
6727
2743
2714
3837
6691
9083
5824
4238
2558
7589
6473
1427
7490
1723
5177
4147
8191
9528
5612
8013
7193
2648
7548
5394
1084
9905
5636
3817
9873
6861
1121
6519
2721
8331
9241
6982
7559
7402
6450
6623
4262
6465
5115
8303
6842
4163
5794
5609
3532
6174
1485
4928
6492
7591
3318
6992
1549
7711
6692
4325
2716
4757
5269
4761
6762
9667
7140
8594
1269
4175
1470
6787
3685
6667
2105
1656
1440
2820
9423
9438
7516
3169
1615
7515
8093
2976
7011
4781
2779
3082
6434
2549
3442
7206
8523
8798
7205
3919
4544
2448
1910
2668
1247
6001
5769
3324
1630
7454
5841
4420
8207
6853
7394
3918
7317
8620
4123
4785
8657
1637
7446
8498
1534
2433
5676
8043
9413
7605
9142
8323
4925
9058
7449
1274
1295
6322
1561
2079
3994
7335
8667
4197
3440
4793
9946
1841
4259
3145
2781
9148
9075
7968
1208
5635
2858
6169
4193
2508
9197
7648
2182
8651
4585
6676
8232
7554
9975
3191
9677
1938
8280
6889
2581
2742
4060
8874
7389
4093
5360
7242
5679
8221
2856
4437
4570
8070
6804
3608
9829
5638
9378
8622
8714
6633
3795
7153
6655
3682
5069
1707
6985
3882
9608
4739
6795
3295
1691
7519
7199
3499
5913
6814
7344
5559
6288
4830
1176
2156
7533
8811
5481
2907
4322
1407
3808
5548
1692
9292
2850
7290
1491
4509
9193
6527
5501
1788
3003
3955
8432
4021
9546
2375
6980
1989
3260
8228
9300
6921
1129
9152
7432
3461
6809
7055
6879
4608
9560
3074
2718
8967
3658
9651
5172
3794
8324
9519
1672
8301
7160
7727
9392
6931
9617
4312
9850
5189
7962
2540
5921
4909
5975
1080
9204
4157
1245
1342
1628
8971
8988
1312
1520
9539
6806
3049
6290
6841
3520
5934
3280
2566
2979
6528
3544
4666
5076
1950
4604
8727
9563
1424
6446
9208
3879
5727
7210
8025
3305
7521
7022
6084
8298
2086
6744
3276
9355
7524
5380
4324
1478
1772
4171
7240
4839
5002
8299
7086
7990
9537
7224
3649
9268
3446
5976
3543
7228
3006
5072
5616
6128
8978
2466
9019
8586
9564
9504
6123
6005
8344
7504
9513
5780
2382
1347
7184
4095
8709
6838
3714
4573
3860
3126
9811
5517
5362
8205
9238
6478
1037
7257
9499
7717
5927
8937
8791
7409
3602
8997
2605
8345
5579
3397
1490
4845
4478
7641
7058
5221
1843
3011
7991
2181
3974
9485
7438
8474
2945
8865
8541
3267
1965
2671
5788
2813
3431
5723
9912
8085
7358
8936
2036
8664
8827
7134
3557
5159
7556
2943
6990
3536
6640
1524
7694
6226
7655
8506
1320
3747
7603
5497
7020
7932
5029
1763
9136
9118
8660
8060
3546
2104
2085
5123
9976
2395
7401
1892
9482
5646
3389
3162
3616
3195
1687
3726
1900
5689
8754
4035
2595
9852
3814
7411
1871
6580
1327
3865
4632
2419
9833
7994
4022
6513
2509
2302
3921
3686
7098
3378
6213
8932
9763
8563
4565
9644
7528
7499
8454
4221
3672
5599
5490
1118
6545
3448
8514
6108
8856
4249
5615
6999
5918
2862
7780
9713
9801
7069
9410
4320
4688
6583
9344
5355
3278
6558
6739
3094
7268
2634
9139
5937
4556
3825
8608
5337
6212
6467
2283
4055
6192
2318
4963
1338
6376
3102
1054
3180
3368
8199
9755
8258
3983
7565
9876
9692
3553
3464
2925
6790
2527
8394
4313
1942
7371
5560
4590
3224
3852
6892
9126
2083
8270
4718
9376
4271
8017
5175
3541
5970
3793
6261
9526
3444
1148
6399
6768
8154
3374
3066
4257
2467
3705
7241
3634
5931
4656
2404
6614
1509
7940
6398
7042
4241
5958
9663
1845
7808
5513
5702
3607
5691
4808
3459
6938
5625
9920
3769
6970
7887
8485
3286
4941
5908
1015
5985
9147
3046
3912
6830
8845
7815
4727
7882
4150
8645
6943
7458
6987
9095
3818
6660
1858
7644
7675
7789
8122
6161
8508
5203
1012
3146
7936
9974
9752
9868
7652
4138
6958
8989
7166
8848
3073
1072
2221
3127
3923
1789
2336
5258
5948
7261
6550
6274
8014
2706
8410
9654
5781
3609
7415
2265
5469
1333
5330
5438
7333
3829
3056
7743
5301
7048
2864
3843
8843
8409
6023
2013
2443
9492
5653
9390
5787
1550
4536
9575
6827
5154
3959
7832
3993
3751
4776
2285
7937
9637
3512
5207
5335
4014
7081
7445
7075
1926
4843
8482
6353
7530
8500
1322
6867
4144
6454
2171
5570
8813
9243
6341
5910
1191
4165
3664
8680
6024
3136
8066
2613
7312
4006
4430
5184
4689
9845
8386
3402
4935
1253
7826
1406
4635
3097
5261
9968
1832
2186
1467
9858
6925
1939
5630
2314
3489
2465
8634
4030
8715
7982
8399
6382
6061
8817
4994
6604
7145
8278
3579
8963
2108
3784
3641
4446
7100
1277
5491
5256
9636
2936
2345
7619
2559
8577
1986
9978
3660
1185
9558
4820
9736
5176
6578
6143
9724
8208
5147
3533
4662
1081
7621
6238
8049
1897
2259
9906
6635
5370
8292
7256
9003
2379
4978
6375
8467
7300
8649
7632
2921
5345
3940
9540
4665
3051
4003
3042
2738
3416
5539
3741
2739
6874
3605
4186
8712
1329
5213
1978
1597
4960
6372
5415
7736
6949
9792
6627
8476
4069
7581
1909
7970
1861
5444
8234
6057
8455
8438
9422
4474
2349
3214
5842
1380
3308
5169
6195
4547
1935
3205
1882
5772
5114
4774
6073
3618
4419
4423
3179
8611
6146
4439
2380
7077
4831
3709
5007
4043
7931
4099
5418
5287
1028
8483
2005
5145
1706
1403
6477
9793
7292
4045
3309
3134
5866
9844
7035
3565
3443
1585
7174
1388
2653
4551
7604
5023
7419
9798
5745
7622
9927
2224
1469
2939
3457
2780
9078
1521
9900
4711
6855
2551
4653
2848
4555
9414
5449
8939
8922
9222
9071
6712
4426
5238
6547
9320
1988
3020
8325
8109
4937
5220
6280
5235
6244
8852
2100
3213
4702
6035
4223
7662
2046
3122
4107
4946
4601
3223
8439
6977
3659
3085
1128
6323
3018
4910
7207
7706
3745
3017
2654
2946
5854
8599
6903
9855
3411
7572
2890
3797
9542
4188
4789
7266
2289
7942
9562
5219
3327
6428
5692
1822
9163
8982
8756
2759
7301
4008
8753
6358
8846
8726
5201
3087
6850
1665
6733
6184
3725
9769
5209
9006
2203
8870
4044
8178
6505
6345
1753
3424
1755
5222
6205
7420
3858
1703
8968
4736
4816
6414
1195
8909
6698
4929
7918
2602
8497
6594
9590
1678
4247
2626
3138
2453
1446
7759
2601
4305
9624
3628
5713
6912
4302
7623
8996
7088
1699
7009
3216
9521
6860
9044
8459
6296
8567
2446
3476
7567
6472
9282
5371
5314
9989
5191
8899
5718
2291
1431
5080
7760
3244
1341
7390
5417
8795
5784
2355
9750
5779
9973
7352
2913
9605
2056
2703
2414
7385
3248
7468
5055
1860
9161
4621
1565
8341
4952
7755
4007
8296
5855
4131
7050
2066
3190
2922
2461
5458
3441
9861
2386
7045
9804
1305
5308
1205
6605
1931
5572
3002
1919
6538
8126
3027
6726
8537
9301
8831
2131
4625
1163
2701
3491
5047
7255
3592
7459
5214
3951
5274
4974
4507
9538
3639
2406
7537
6110
7614
7692
3361
9566
7342
3456
5756
9530
7903
5877
2042
1303
3453
4492
5748
7721
6395
1246
7405
9269
1913
2933
1934
3890
3845
3986
3300
9351
2388
2700
1099
2766
5153
3668
5326
1221
1203
9982
7423
4576
5193
8554
3967
9795
4568
3591
2870
9110
7941
8527
3475
2942
3823
3950
3237
8682
6119
5425
2392
2204
7862
6081
7654
4913
4010
9417
3358
8821
1606
4252
2572
9553
4075
1953
3844
6100
7653
1220
4481
9074
3976
4206
2699
2710
1639
7975
7767
6012
4440
2843
9574
3610
8429
9267
2344
2136
7414
2535
2087
7606
5263
8398
1123
8799
2232
7883
9797
4034
9122
8639
4122
5775
9828
9655
6133
7021
7264
1268
9403
7424
3599
5113
6572
3669
3612
3460
7900
9598
6286
6896
9623
7986
8397
8444
3348
1143
3626
3724
9970
7057
4212
5959
3294
2633
1051
8507
8367
5578
4012
8420
5251
3900
4457
9041
1777
9377
4019
6948
4415
5105
7355
2604
6530
8624
4031
6429
3629
7338
5584
2426
6354
6908
4255
7214
8759
8568
3313
5836
6771
6040
7580
5983
9362
8376
5575
5060
9037
3899
2974
5197
4020
6443
5906
9502
5840
9131
5138
5583
7323
5427
6581
8212
7879
7976
7130
1943
8493
1928
7078
3069
6928
1452
7997
1848
4041
9501
4277
8763
9035
9224
6847
1775
7321
5554
8177
3013
5083
2452
2449
1610
6679
4136
9958
6515
9408
5751
6364
9260
1742
9209
3644
1783
1588
1632
3947
8153
9346
8469
1188
4518
5611
9478
7698
5508
8371
7059
4462
4701
7273
3516
8362
8962
9543
1881
9437
1439
2222
9809
3866
5800
2150
4759
7569
2253
9610
9517
3633
2312
5466
6518
4664
3055
2271
4142
3728
8637
8724
4480
7495
7816
2159
4517
2309
2191
6039
6389
9705
4920
5987
9609
7016
9552
2474
8456
6300
3637
2373
7299
9218
9335
4755
3991
5071
9846
6898
6252
2167
2425
4833
2476
1650
6824
2021
8562
2606
6704
9918
9309
7769
6909
2385
1017
9237
5208
6266
8822
4534
4521
8894
6346
8602
4438
3154
6950
4832
9285
2202
3733
9523
3497
9103
9101
1635
2896
6062
5526
3088
6374
5283
7930
2722
6957
4311
2188
5015
4613
6942
5319
6079
9171
5907
2517
3041
6335
8920
7896
8138
9112
2025
9081
6798
3906
3914
6857
4824
8718
1667
8418
1517
2343
7253
8915
4654
2421
7700
7479
3045
8666
8135
1826
7330
4885
1283
4889
4115
8545
8263
4486
4389
7979
9721
4706
3427
2176
6752
9090
8128
9001
5711
5293
3409
6563
8585
8584
9306
6176
9820
6735
7825
5806
6336
7251
8305
4013
8077
1754
5428
7855
1373
5793
7766
2672
3507
2937
3240
7563
1391
8006
6630
6700
8961
3934
9207
8112
9316
1958
8373
3479
9817
6273
7626
3346
3657
7823
8653
1633
2470
4473
3944
9435
5817
8783
5851
9684
3766
8468
3603
1135
1512
7892
9749
3979
3638
9632
3093
7139
2092
1829
2126
6825
5406
2524
8071
6725
8991
2815
6349
3420
5641
9922
3480
2998
8829
6694
4731
6251
8509
3383
2537
6682
8522
5876
2441
9577
5018
9579
7175
9535
9706
5017
4735
3261
1182
6193
1043
2246
1023
9711
3494
3566
5763
7475
7948
5422
6826
3297
6782
4265
4564
2455
3359
8423
3177
4886
6405
5455
1047
3033
6785
6008
5400
6060
5533
5522
4368
1136
6634
5892
9169
2888
2023
7383
6487
9064
8812
1927
3119
2401
4428
1336
3184
4228
1447
4054
6210
3582
4720
2346
1556
4600
8395
7235
1058
4716
8233
5850
5404
2539
6961
7324
5462
7854
1451
5730
8943
7579
6141
6571
7374
5100
8979
2051
7737
4401
4328
9352
9137
2430
8029
3952
6551
3022
9944
5162
2840
5384
6686
2439
4874
4448
5565
2164
3869
2952
9057
6559
3008
9931
1545
7867
5605
4369
8510
9275
1288
8390
8785
6320
5140
2869
5110
8121
7588
1548
9010
3100
5289
7015
9398
7377
3158
6236
1438
3165
7967
5433
8020
8646
3316
7583
6989
1109
1209
1350
1397
3932
2707
4836
6109
9370
5725
1589
9949
8796
8663
9288
2262
2354
2037
4472
4828
6745
7031
1569
4082
2639
9532
6089
7927
8087
1390
5312
8565
1309
6468
8575
1389
4538
1756
9385
8463
8542
3226
5704
9476
2846
9498
9567
3989
2064
8236
1029
9787
8851
8108
8147
6460
5240
7287
6871
9446
9652
3648
3328
9938
1011
4924
7651
6736
4926
2556
1992
4185
6779
5852
5647
1313
9529
4390
4842
9203
1714
1817
7188
1791
4844
4199
6858
2792
3250
3540
9533
7742
9691
5499
4124
8099
9252
6933
4539
3836
1410
1522
6219
1851
6927
3415
5311
4806
7555
6965
4281
2730
9840
7105
5686
4813
2600
3418
7444
8291
7865
1242
4431
7987
3259
7676
4624
9916
4079
7182
8914
9097
8618
4503
1962
2920
4494
9032
1361
3815
3977
5059
2468
4209
9685
7201
5003
7726
1013
2987
9465
3349
5084
4732
5823
1885
7613
9619
8836
7746
4557
8052
8705
6245
2479
1868
3589
4812
8924
7664
8555
6416
3155
8911
7477
1514
5990
3064
6490
1444
9971
1593
6729
7607
4855
5760
8669
6543
6833
3419
5194
2885
3670
5226
8504
2234
4393
5677
7034
6254
7452
1297
3395
7215
3065
4184
5441
3768
3945
1063
6206
9896
6263
2050
2078
7378
3326
6305
7071
4330
9805
2725
3245
4327
3174
2609
7277
5482
4038
9294
9322
1074
9990
1795
4934
6348
4846
9255
3072
4394
5089
5929
5719
9469
4388
5126
1945
2396
6718
7128
8306
7110
7983
3765
4724
6025
3846
7801
3472
1089
3492
6017
8757
5122
5853
2028
4233
6695
3998
3092
4153
4753
4077
5215
5107
4897
8981
1975
7064
3770
8239
4614
5657
2516
6772
5886
8658
2616
6967
6569
3775
4905
4218
9179
2947
7111
1883
6013
6897
5413
8003
4973
8576
3057
4588
1279
3878
3135
4083
1229
1879
5488
3729
1473
7014
4550
9784
9347
4772
2749
4288
9683
8975
9356
7396
8174
8104
4033
5410
4730
6426
2845
3584
4343
7412
1218
3992
2687
6377
5569
8945
9909
6500
1402
8767
4698
3106
9699
7822
6339
5347
9116
8252
9274
6797
2213
9506
3425
9150
7480
2015
4341
5849
5843
2512
3535
5540
7573
7684
6882
2852
1732
6221
1369
4579
1681
6438
7169
4545
5342
1906
1764
1774
6673
6719
7518
5070
1940
8623
2670
9985
7439
6237
9745
1018
9668
9475
9696
1679
3367
3488
5607
7113
6054
4683
9957
2482
1759
3995
3058
7177
6662
6164
9043
2678
6552
3978
6619
8383
6835
1642
7017
6606
9405
2071
1105
1177
6149
1778
9239
6883
4354
4825
2853
8774
2520
6422
3527
7739
7730
2812
3129
9382
9628
2067
1173
8436
6615
1686
2118
4117
5248
6868
5523
8490
7609
3910
2935
4501
9907
8450
6482
5272
3118
7331
5343
5132
1709
6485
2656
4647
5890
2824
6037
4105
3437
6114
5731
1003
7707
4554
9120
6117
1814
8503
2576
9664
7919
4906
6087
8888
3178
8625
1568
1235
4287
1049
5819
5500
9994
6150
1701
8957
7462
3791
8374
5534
3667
6387
7523
6393
3150
9948
4943
6106
6406
2892
8284
4953
6120
6030
1101
2624
2546
7204
2248
7453
6788
9337
4506
8809
8075
6650
6834
9450
1302
8965
5230
9026
3870
5373
5135
6722
3554
5602
8569
1506
8274
2511
3143
1528
9701
7248
3792
2842
7847
6786
7907
8100
1155
9775
2958
5835
1712
8217
8875
6233
9063
7186
2189
3999
7954
8159
1259
1915
3071
5323
7685
2094
1937
8026
1060
1946
4080
2660
3871
2068
1045
1516
7719
6011
7929
7440
8253
8536
6316
9412
2057
9827
3356
9357
2197
5439
1718
3789
2879
1552
4333
5640
4290
2638
9145
9069
2804
1537
6260
8211
2834
2295
6546
8850
5600
3485
1409
6924
7943
7085
9835
9000
6191
3904
8593
3913
8662
1564
1448
2394
6418
2917
1886
9062
9649
6327
9689
4758
8215
4130
3894
9402
7910
5051
7877
7502
1697
3306
9757
3026
1674
9742
3965
5814
1828
1140
6113
6262
9002
5270
4381
4071
3786
8794
1904
8628
6180
6453
1659
1647
1948
8638
8010
3172
2485
1199
4226
2048
4263
6302
4607
7538
2231
2584
5945
1862
4871
7202
7784
7547
5284
1381
5401
6713
5332
2305
5387
6592
3942
1648
9223
4181
1114
3123
5542
6325
5592
3490
9640
2168
8995
5708
2594
2550
8080
4581
2788
6801
5574
5020
4201
4922
3199
8677
7893
6321
8711
4299
3800
7545
9420
8949
5407
9731
3115
2427
8449
6593
1872
5495
5795
2688
8582
8271
5096
5033
7747
2926
3763
1596
4042
4571
9205
9993
7473
4778
7029
9384
8770
6118
4983
7831
2863
3091
9030
2381
3585
4384
7417
1695
9155
5008
7798
5489
1075
4900
8802
2137
6711
5146
2571
2898
8571
2325
4236
5893
1887
9561
1815
7750
8401
5562
5367
8551
2445
5673
8960
1761
9776
7190
7647
8276
5218
1355
3468
4823
4942
1677
6456
1634
9360
6811
9879
5909
2884
4763
8737
5298
4339
2929
7839
8183
5694
1801
4566
6566
9673
1584
1846
5468
3310
9185
4351
7382
7575
1044
1911
1579
7951
1337
9686
3563
3189
3262
7195
4361
1168
5028
8106
5163
1038
4927
1713
9076
3231
1368
1086
9187
5728
8200
6813
1486
5741
8036
6753
2995
3927
3596
4869
4335
4070
7189
2949
6894
7487
4533
7592
2822
3938
4991
5473
9186
9531
6856
7104
9234
3915
6157
7712
2473
7511
2440
2315
7546
9135
4572
5535
5608
6253
2683
3575
6587
7849
2095
5249
4392
2411
4235
4887
5393
5382
6747
8464
6298
4549
5470
9419
4088
1261
3832
6189
7650
2763
3471
5778
2016
6794
1454
8730
6986
9634
8216
9314
2391
4948
1698
9303
4853
5898
5465
1571
8955
8766
4372
1884
9354
6137
2965
7208
3388
1816
4298
6365
8416
1378
9602
9210
5688
7853
1640
5390
1770
1966
9254
3398
1158
4090
4234
4710
1960
4765
5510
9149
9339
7542
5053
7804
6218
5106
9799
9754
2062
1749
1857
8598
5759
7749
3876
4932
8738
6124
6717
2723
9674
9936
2547
9618
9881
5187
6955
9929
6609
2177
9662
1298
6750
3039
3835
9557
2746
7993
6029
9758
3315
1127
1912
4893
4207
3320
8110
2256
7599
9196
6312
7198
8381
4659
9453
9022
1583
3396
2567
2422
8559
6944
9088
6520
8731
3208
4273
4583
5894
1281
9094
5074
9373
6624
3185
3220
9658
9020
6542
8723
4275
8175
9863
8311
4987
4239
6239
7960
4173
2865
1574
6596
9972
9259
2143
5050
1810
6010
2798
9641
9743
4371
3653
6738
5858
8614
7162
2303
2493
1853
1863
5309
9257
7367
3469
2121
5257
1768
9911
2423
6586
6135
2492
2948
4584
2353
6648
6066
5952
4160
1559
3703
1233
8742
7187
1052
1762
5738
2393
6930
2254
8045
2867
8825
4663
8581
1375
5639
1604
2513
2416
3908
8124
5158
3736
2091
4907
9299
9512
8579
7886
9885
3840
9404
5442
7348
4523
5457
9583
5905
1944
7384
3005
3322
5200
3212
1998
8261
7527
1116
5010
8092
6203
6458
3372
6437
4496
2368
3731
5674
7429
8905
9955
4253
1507
4128
9832
1421
5236
8257
8720
7776
4817
8115
2807
8550
7149
9746
3885
4971
3875
5883
7540
7564
9694
1809
7949
5306
1425
3235
9889
4183
9726
2323
7500
2260
7334
2737
8163
1091
7044
5260
3175
1227
4898
9264
6893
1120
2255
9695
9397
3307
1386
2782
5722
6683
2635
4751
6018
4098
2876
9004
1956
9926
2689
2828
5234
4574
5900
2217
3505
5296
2999
5785
2273
8927
5216
1461
6175
7159
5150
6666
8032
5992
1993
1435
8810
5902
8068
1636
3772
5320
9451
6072
7810
4532
6828
5302
8186
4515
9516
2505
1082
8762
4977
1811
8131
7265
8847
3289
6271
6461
9132
3981
3861
9995
4470
2481
1154
5705
2990
1125
6658
8708
7928
5259
4011
2359
5803
8227
2215
1408
7083
9168
8081
8893
1152
9890
8804
5016
1771
4141
9653
2636
8699
1799
3243
5932
5137
2200
6672
9514
2667
3339
7978
3298
7470
6277
3773
7354
5099
5564
8051
5520
2030
5268
5035
2333
6952
6946
4558
2675
9991
7280
4016
5566
7346
8917
5073
7065
9939
5478
6900
2544
1991
3723
3104
5622
7639
4722
5829
6390
3376
9232
3052
9460
6778
4743
1616
3031
3462
4972
5895
2989
1901
1595
5980
2769
4027
1174
1591
3236
6870
9871
6420
9615
8688
5683
5601
1664
9052
4940
9917
9283
8197
6234
7089
3496
7981
8145
5684
3410
6411
5648
1741
4303
8098
1475
8008
7587
9708
5786
4450
5056
7247
7806
9496
1495
9089
7260
8700
4078
1619
7744
8619
3534
3238
8281
4998
7122
6514
1716
5464
3702
8613
6781
7281
8129
3776
4304
7673
4004
7288
2420
9791
5953
2251
9229
9184
6561
3903
1744
2839
3922
1976
4269
2498
2587
3717
5923
6235
2586
3455
7043
9242
4140
9675
1108
8107
7596
4085
6923
4315
5049
9943
1505
2897
9012
7624
7117
2006
5651
4309
5247
7861
3198
1171
8769
6878
6491
7590
6685
2630
8861
2478
1720
1273
5120
3517
5068
2866
8440
1248
2802
2311
5472
8684
7857
3334
5516
5710
4969
3988
8587
3089
5419
2457
8248
9604
7067
6913
6539
6669
4939
1974
8089
8067
2243
6155
1577
1079
9061
5956
3270
4482
9510
5365
2279
6041
7629
7536
2114
9219
9843
3640
3112
5749
7313
6697
7649
3740
6056
8168
1750
6537
5543
1363
4596
5707
4782
5229
4764
2826
7325
4416
7254
4498
5331
8073
3130
1087
8837
3529
5103
3044
6086
9568
8632
5414
3350
2319
6125
1746
1786
7357
2088
3560
9894
2458
9620
6163
5667
8155
2405
8359
7476
8890
1377
4119
3655
1954
9680
6225
7398
8300
9930
6922
9963
2415
5628
2077
6829
4714
6941
7989
8934
2861
2286
4875
8803
6636
6817
3417
2844
7123
2715
4697
7513
3515
4970
6294
7327
7966
3028
9009
4699
2193
2692
2022
2403
6385
7781
2698
1300
9770
5947
2765
8853
2390
3438
1997
1024
1137
9018
1833
3521
8169
4029
4391
4395
1183
7236
4002
2969
7947
6796
9464
8184
3716
6179
4357
2552
8288
5631
3619
2009
7246
4227
5897
3854
6301
5313
1030
6837
4615
8913
6647
4894
3620
4319
8042
6216
8706
7158
5416
2927
8775
7562
3187
4649
8349
8898
5873
6819
2554
5626
3941
5493
6911
7814
4677
6105
3801
2789
6391
9500
4202
1149
5292
8435
8631
9338
7837
3108
8659
2484
7904
9511
2795
4877
6153
3357
6507
3200
1293
4379
6352
8057
9874
9910
2331
8479
6065
6085
9033
5282
4191
1481
2748
9401
8391
5423
5085
8064
8808
2491
2469
9919
9732
2435
9862
9576
6400
2163
9036
4471
7628
8691
5001
3849
9227
2646
5044
2910
5101
4125
1981
2951
7995
2832
7351
2109
7107
2310
9773
9056
6379
5461
1193
6706
7610
8892
2179
9153
7894
9488
2847
7761
5721
1888
8833
1280
8725
6766
2267
3968
5498
8372
9853
7062
8139
7640
8633
6721
5420
4445
1657
7593
2216
7667
5863
6971
1739
9952
4286
7535
2686
6006
7320
7898
8123
8655
4231
9728
1580
1048
7102
5129
8534
3366
3511
4348
7688
3718
8617
8304
7820
1734
5697
3863
7144
9295
5124
4769
9796
9340
9839
3347
7895
7478
8038
7778
2209
5767
5325
4222
1360
2695
3406
2245
2001
2487
6959
6808
8758
2317
7183
2324
5364
5206
1733
2900
5243
3412
8102
6960
2677
6075
9591
5485
5747
2964
4809
8696
4178
6069
9983
5687
1728
1166
5678
3255
9276
5170
4133
2923
3047
8923
1457
8015
5619
4032
3317
1693
2456
3110
3152
4814
4868
8501
3598
5300
6599
5264
1434
3755
6863
7172
8986
8268
1497
2111
2093
4337
5086
2153
1504
2272
4658
5576
4687
9416
8312
3077
4192
9744
5186
5930
2790
9580
6371
9870
5460
5587
8118
3428
8750
2553
3689
4489
6047
6715
1654
9212
7693
9720
6439
8603
2080
3690
1138
5430
9527
2053
8062
2039
8445
6407
6754
6602
9200
8698
2697
9629
6659
9831
5789
6560
5471
9715
8834
5426
7192
6776
4096
6363
9965
3761
1122
1570
5801
3303
4535
3319
1021
9442
9039
1202
5652
3727
9834
6370
7788
7080
8375
8044
3269
9318
6973
2663
2058
1578
7510
9379
3783
9960
5334
7307
7431
4149
7340
2525
4490
9278
6549
5916
2362
9253
3333
9940
6129
9545
6139
7953
2219
4232
3920
5872
3748
4805
5822
4468
3522
7705
7791
6926
4524
6392
8951
8941
9328
6430
8998
5294
2069
4316
5026
4606
8158
6127
3067
8148
3739
2269
7211
1244
3580
3646
8319
9688
4643
4982
6200
4857
8314
1250
2201
5281
7871
9127
1752
7594
8906
7326
3905
1147
6306
6215
1010
3683
2072
1382
6182
8368
5555
4410
9271
2212
8185
8404
3526
9785
3822
5914
5627
4154
6369
2837
2954
6531
3148
2288
2471
1800
6597
9146
3163
8732
3258
5764
4835
4424
2454
8434
6293
2412
7821
3390
7471
2669
8267
9343
9191
3103
6746
9733
2819
4332
7926
5716
4826
1299
4344
5658
8316
9079
2775
2306
2911
1196
4037
6053
5097
6122
5032
2791
1477
5739
1894
7094
2237
2561
7992
9661
9028
8318
6517
8487
4039
7082
9718
9524
4681
5093
1249
8697
5915
1165
7595
4326
6355
9312
9888
9156
8824
9880
7691
9660
2387
6112
2652
7038
9246
8125
1531
5385
4050
2598
9162
7234
6641
3083
7496
8402
5211
4989
1941
3493
5552
1399
1357
6158
1157
9962
4047
4694
1056
2027
1808
9854
2128
5665
2818
1553
4958
3964
5714
9247
6631
8357
8974
7297
4528
6705
6230
6380
2371
6028
8904
1602
4464
3360
8326
1190
9466
8273
6760
4622
4242
5699
7435
7906
4127
7544
3264
2835
7935
3233
6394
3568
2488
4976
2408
6007
6309
1311
3060
5148
8293
3379
4358
6831
8218
3719
1661
3868
6884
4159
2521
4295
7395
1026
3695
9084
6618
8091
3232
2727
7770
5955
2490
3537
2190
1260
7484
7984
3578
1932
5888
5391
9177
2301
3545
5661
6976
5618
9484
3581
1098
6628
8356
6734
2531
2194
8741
9011
9950
3577
5879
3987
4293
1239
2241
3385
5134
2541
4266
2081
1059
6756
9626
1371
5087
4155
7103
4362
3687
6620
8692
6567
9956
4505
9348
4118
2962
7658
2444
4108
6410
3095
3430
1613
2729
3079
1225
6891
1275
3958
9810
7168
6481
2264
6649
8213
5475
3834
4176
5304
7225
1797
9277
3486
8958
7025
6654
8597
7052
9456
8415
9329
4203
5696
2532
5022
3287
3802
7608
3241
7481
8910
4109
7252
3176
4975
1325
1493
1036
3892
4567
1211
8642
3911
1758
4599
4611
6716
4712
5429
9659
2235
2674
6680
9848
2155
8710
9386
3081
5117
1420
7616
7946
8019
2158
9151
8838
1773
7274
4552
5349
1104
2731
9251
3168
8005
6575
7525
6714
4882
1002
3707
2400
4737
1891
3867
1110
6810
4346
1644
8393
4126
8164
3651
9077
1160
8448
7125
2282
6078
5324
2514
3473
5758
6741
8214
5831
3539
2597
8918
3335
7460
7066
1066
1488
5081
4219
3387
9490
5019
9383
5476
6553
2918
5254
9823
9325
3742
5577
1781
3202
8672
7356
7670
7637
8901
6052
2383
3623
9066
6775
6223
4657
3830
4838
1601
5606
1643
8878
8703
3086
7467
4592
8307
5421
4366
5776
5590
5196
4398
1385
1192
8566
9436
4402
9365
4872
9235
5802
4367
6617
6836
7756
5440
1675
3679
5541
6475
2833
3583
2971
8907
6362
2704
9225
3194
2173
3454
8030
7426
1609
9226
2113
4436
9021
2132
5773
5766
3826
4076
7701
5880
2503
9195
2579
9349
8916
1251
6050
7008
4854
7656
7617
7393
3701
4749
5190
5518
9486
3114
6378
6866
2369
8380
1214
4072
5567
5041
1126
9836
3273
4746
9025
5181
5988
9865
3960
2299
7350
3478
9596
2075
6441
7921
7039
2274
4187
3054
3839
4166
7980
3413
4244
4933
4979
3787
5227
4801
9717
7745
4650
4121
6974
9738
8437
6675
3230
1722
3128
3249
1835
2397
2752
6963
5997
1050
8976
7827
6270
8244
1982
5999
5386
4630
4916
7337
5557
6303
1968
4672
3012
8818
2883
1198
5865
1181
8547
3105
9287
7425
9388
6616
8983
3957
5885
3975
8553
9518
9764
7541
4254
7036
8424
9217
9814
4748
6849
3928
9096
6097
9105
3257
3251
5598
4705
1351
8959
8578
6755
8119
8355
2151
3555
9759
4867
6211
2806
5761
8695
5675
2632
3754
9068
8583
2127
1869
4432
2533
9601
1671
2364
6258
3458
3753
7597
4908
5527
6800
8676
3466
6821
2208
2522
9570
3400
7716
6048
8202
5262
7315
4350
2242
2249
1232
7842
8022
9703
6177
8056
1480
4628
3345
9421
6496
3299
2665
3265
9924
9933
3068
8327
5396
8867
8187
3804
9895
7238
4048
6076
4818
8063
9458
5834
1984
8557
1668
2211
8765
2801
4061
6034
4661
5157
5061
2557
7237
1479
3234
6577
6947
8414
1819
1008
8953
2038
2931
4356
9979
4961
5119
7811
6356
8844
9236
1426
9714
1649
1820
7229
8858
1902
1112
7441
5271
8885
6945
2961
3953
2507
2296
9541
4695
9887
1660
1921
1575
1007
9790
6317
7386
7430
4950
4215
5936
9406
3743
2805
1626
1167
2803
4056
1411
2641
6088
6340
5791
7053
6541
8074
5762
2676
2125
6188
1474
6095
3622
3630
8425
4323
6058
9154
4992
3197
9707
1725
8198
1562
4224
9372
3549
9374
8242
9233
3254
9642
4741
1296
5038
6845
6435
7704
8322
7503
1139
4511
4645
4912
6815
3050
4282
8987
7501
1496
1540
9313
4052
9114
7661
4280
1936
1542
9921
6121
4001
7428
1727
1401
1132
3283
3636
1735
1376
1605
7872
5765
8744
5524
8789
9213
6939
6083
8549
4988
9263
3930
8457
2548
1600
3170
6264
4347
8151
9091
5920
6051
6865
9248
9928
4629
1294
4340
1806
4792
2944
4543
7000
2950
9611
3351
2873
8990
7156
7915
3120
6103
1442
3329
3895
8650
3311
8486
7216
3078
7671
7079
9616
2518
7060
7164
2389
1612
4434
5004
2882
7963
3907
9892
4796
1065
3144
2247
1895
8453
5353
2705
4878
7400
3738
8690
1558
2070
9176
5816
6664
7249
4931
4284
4881
4094
9045
3140
6576
1291
7093
5091
9877
9477
2266
4101
6936
4827
8321
9903
9565
9099
8167
3972
7634
9603
8538
5369
6248
8222
5327
7697
9170
4514
1914
2573
4771
2610
3548
2625
9440
2694
7570
6107
3009
4876
9298
6777
1000
2244
4733
3525
9875
2178
4822
3331
6568
6440
2914
1964
6388
7498
8097
7304
4051
6805
1666
1508
8338
7278
9473
4949
9656
7695
2757
9358
9800
6495
6677
4300
5136
1765
6895
4856
5402
9657
4260
3166
3774
8023
7165
4256
3503
8209
3271
7250
6784
5556
3857
8286
2758
1830
4495
5519
6241
3030
7578
8350
6582
5654
8781
9315
3758
9536
8320
2774
8011
6499
9760
6887
9599
1004
6907
8671
1510
8862
6665
7474
1618
6881
9014
9297
6185
5077
7763
2356
4024
8590
8353
2773
7732
4246
1100
5593
8729
9747
8900
4103
7944
8462
6043
1234
2106
5403
3098
2924
7969
4111
6063
2026
6710
4821
7033
1164
1923
4690
7582
4605
2014
5656
8773
9445
7191
8170
8340
3893
4918
1876
3997
9432
9777
2684
7119
5212
5446
4582
6588
9751
4449
9729
6869
7485
7157
5660
3615
5436
7765
7364
7040
5623
1258
2647
9371
2955
8384
4087
8492
3816
4896
6607
1824
5903
8921
5125
6969
4036
6764
8050
8037
6763
1547
9108
2932
2347
9494
8511
1090
9961
9201
1394
1973
5655
2293
8993
2744
8524
9709
2753
7068
1131
7368
3676
7571
8656
1465
6728
5558
3221
5354
1285
9780
9367
7799
1340
4648
2011
2363
6299
9923
8247
9937
5487
3721
6307
7231
2160
8156
4560
1194
3828
2770
8146
8940
9669
1405
1875
3355
5179
9813
4674
5027
3806
5233
7099
4135
2877
3901
5450
7764
3811
3337
6652
8580
7773
8143
5288
7912
4616
5435
3574
4400
8048
9141
9449
7858
5942
8820
2122
1627
1379
9548
1266
1543
7885
5946
7911
2076
3756
1022
5977
1314
1184
9765
1831
1669
8250
7830
3788
7387
2756
7851
4074
9547
6445
8842
5511
8241
8761
8573
9837
6243
4279
5724
3336
6998
4597
8544
6091
4756
7852
5755
9966
2361
9700
5545
4363
7924
9483
1730
7668
9505
6723
6276
8928
1864
7176
1252
2140
2238
5133
6173
7875
9824
8427
6875
1867
1850
7023
9258
8471
1334
4773
4161
5813
6886
7775
2592
1951
2152
3558
3342
8994
9333
6751
1219
4018
6131
8740
3242
3996
1539
8101
6953
2717
4921
6902
4418
4546
8752
3819
1747
3595
5398
6220
2841
5782
3749
6783
1352
4866
7696
3321
3902
7404
5867
6425
7267
1367
7964
5917
7543
3109
7795
4685
1651
4413
3759
7464
7227
1179
1560
5882
1414
5595
7574
6242
1803
3734
2060
4058
7916
1326
5459
8472
3853
6423
7843
7985
5160
4493
7880
2908
1737
4652
7442
9503
6872
6142
8238
1046
7161
3954
7115
2410
5167
3946
4655
5149
7829
9702
8552
9493
6401
1395
9286
5820
2351
2827
6839
4529
5102
5202
2726
2134
4414
7013
4338
1708
8488
8533
6964
7461
9470
5075
2501
9647
4704
2814
3570
5090
7391
6328
5537
3434
1256
6524
8363
4487
1890
5726
3247
8722
3750
5286
6297
2702
1201
4575
8733
2838
7738
7275
1785
6159
6962
7403
5185
8823
2621
3201
2154
5273
7859
5310
7316
6905
2629
2082
3524
6147
2685
9766
8964
5978
5276
1726
1404
8387
8412
4500
8606
5266
1254
2018
2981
3340
6156
8201
8379
4359
3096
5188
4738
7222
9682
6678
4784
1947
4062
2049
8428
4066
7758
7127
9902
8946
2284
6848
9908
4214
2450
4993
6281
9164
1053
7612
7971
6319
8629
6403
1813
3963
1535
3474
8772
5643
8172
3859
1985
1175
6792
2429
5525
2816
5361
2823
7370
4059
3757
5792
3290
2054
3209
6093
5796
7635
6404
1113
8540
2407
3504
4444
1484
8595
7558
1852
4837
1724
2169
6064
1319
7860
5752
3032
8891
2967
3782
5174
7379
3790
4301
1067
8193
3113
9244
6502
7213
4959
4134
5139
7999
6818
7514
4679
2762
7863
2555
9467
6767
7901
6165
8855
1498
4342
6688
6202
8206
5998
7959
2338
6611
9424
6092
7007
8879
1345
7873
1700
6269
4097
9324
4179
2872
2889
8166
1685
8226
4168
3883
2337
9904
1792
7451
8778
1983
3925
4065
6448
2719
8871
9157
4768
1130
1551
2258
9867
9059
4646
5870
6621
2519
6529
4306
4292
8400
4177
6000
3594
2287
8204
2495
2149
1103
1859
7840
1264
8277
1969
2328
6584
9017
1546
8872
4314
6498
9082
3263
6780
4397
1533
4981
6166
8096
9984
4883
7836
4980
2145
6470
7151
4612
1673
9053
4644
8031
9331
7713
1525
1092
2098
2510
7600
7047
5025
8596
2693
3502
1856
9182
4404
6981
1855
7838
8926
4902
2662
3862
1223
9393
9803
5063
4841
8392
3538
8287
3024
4634
8176
6026
1019
5532
4510
9986
9761
2398
4669
7366
4318
4777
2941
5963
3961
4850
9144
3463
6820
9134
1581
7666
4015
7131
7147
9399
5682
9915
8529
4334
3133
6742
4919
2378
3909
4526
5307
8515
8120
1563
8134
9291
8721
7728
8116
3778
7049
9046
1009
5242
1839
4700
9102
4455
1793
2973
9411
8512
2902
1436
4956
2682
9883
3604
5859
3354
4453
1393
7258
8417
6632
3076
9712
1702
6803
3632
9265
6347
2515
6899
8442
9901
7173
1237
8673
1586
3661
1592
9806
4375
7645
7279
4602
4158
1837
3021
2428
9959
4429
3813
1031
3643
9113
3053
3075
6601
9216
4859
4890
2342
3597
2148
1062
4373
7221
7046
8021
9080
6480
6199
8985
5014
5538
8930
2174
2881
6643
3827
8886
9129
6929
6224
3706
4640
2734
3401
5833
3807
2012
6885
1870
4775
8826
5339
7939
2019
3433
4459
5066
2570
8947
5503
8275
8678
9925
3767
7920
8558
7262
5645
1794
3663
3730
8041
2010
4267
1598
1387
3691
3606
2821
5830
5632
8938
9409
5303
4829
7096
1392
2578
2020
9050
6183
3291
4329
4064
2615
6646
3470
6644
9913
1898
4619
9221
1180
5926
9508
3125
5509
1903
7037
5881
8801
8083
4067
7030
8478
4028
3613
2575
7472
2666
9158
3206
2424
5445
3477
6284
1263
9334
3530
9123
7180
5663
1142
4520
2120
4802
1554
3662
2750
1144
5925
8240
1924
3229
2640
3864
6318
8161
9690
2620
3847
8788
4723
7489
1006
3465
4370
4352
5223
8944
8747
7116
9507
7598
5650
9779
2733
5161
1041
3173
4680
1027
5255
5847
8849
8884
7627
3116
9214
7427
2413
2564
1710
7522
9125
4670
4467
4433
7305
8265
5486
5561
9633
5000
1587
9676
9353
5695
5199
2489
9778
3293
2330
6653
6138
9060
1821
2358
1272
9359
4360
6761
2063
3353
3160
7135
8896
9588
5729
6773
3277
9819
4427
3025
4639
6413
3711
7084
5964
8661
8130
4962
4382
4198
1359
7844
1035
1782
8530
6506
7073
8255
9441
1178
6172
7006
3970
4609
3403
3080
8980
8317
1622
8591
2268
3014
7601
5844
1760
2340
5950
2673
3678
4873
3449
6579
8220
1536
8908
5228
7817
2280
9159
2360
3228
3762
2102
6743
8165
4708
4901
7531
1611
5275
6227
8760
7998
2183
2326
6250
2462
4851
6862
8477
2074
6145
2886
1905
4000
6283
6476
7809
2099
6532
2772
4947
8302
8864
7868
4542
4156
4671
4164
3635
6758
7665
4537
7185
2162
7028
6167
8912
2218
9023
8388
2574
6642
2988
6720
9941
7283
5991
8835
3559
1437
2460
7708
3450
6408
8346
6703
8279
5034
3439
2225
8525
5366
2631
5582
6876
1827
5111
8686
7142
1779
2970
4475
4310
2980
2277
4294
5453
1318
6770
4422
2963
3164
8499
5443
6140
6396
8196
5597
4899
9109
2690
8735
2580
2741
1346
9727
2977
5986
8635
1456
8111
1453
9279
9509
8933
5492
1503
8256
4137
3325
6287
9934
1419
5252
6452
2044
3153
9228
5709
5901
4194
3363
2175
5589
3035
8001
4264
2568
1721
7585
3451
2475
5680
8654
2855
5224
3159
5671
7291
3365
6793
2895
9173
6626
7534
1918
1292
8061
3898
6344
7056
8776
3590
2434
4617
5505
5815
2996
2220
3344
1566
3764
7768
7329
8520
9310
3614
5368
5178
6769
1215
3850
4696
6090
3713
1489
2372
2329
2891
3040
9645
4660
5996
7244
9872
7101
3188
2486
5551
2061
3812
7950
2032
4610
9431
7296
8189
1877
4205
2854
2240
4848
3674
8630
1238
5030
9987
6014
9860
9031
6993
3007
5098
2447
1146
1432
5875
5961
1255
4512
8902
3181
3874
5006
5405
1847
3225
3851
3391
6663
8784
1719
7733
9190
5409
7834
1680
6956
9992
6259
8665
4508
3654
7121
4620
4102
5088
7686
5848
7369
1908
8352
4378
3332
2115
2320
6645
7956
7434
4569
9788
5825
7032
1711
8643
6589
4803
2874
6096
1429
4451
5374
2614
8441
5949
2928
1658
6002
4879
9891
1511
7659
1213
5265
2304
6080
2871
4291
9293
2365
2830
2146
4407
3467
4915
2110
2480
3394
5514
5935
5118
8033
2588
5753
5372
9554
3506
8336
5285
9625
7748
8137
3781
3288
7620
1804
1282
3600
9587
9899
7106
5180
7638
6932
2000
7024
9166
2934
4691
7797
4230
7406
9646
7148
1874
2017
6656
3842
2339
9396
2619
8447
5969
4336
5095
5515
5774
3252
7568
7520
8065
9266
2090
7777
5395
6674
5432
4196
5408
3059
6332
5757
9704
3611
4104
4810
6433
7925
6342
1217
6832
3798
9380
5359
1501
2184
9996
1243
5448
8475
2542
4009
6484
4719
2040
4754
4243
2377
3820
1865
7070
8219
8451
4861
8237
4307
7618
6333
9666
9407
4541
3203
3301
9381
6864
5869
4025
7375
5664
5397
8502
4834
2768
4210
9768
9522
5783
9722
3157
2226
2500
8668
8495
1842
4106
5356
3421
5173
2691
2499
4603
7365
9650
2096
8786
5546
9612
2138
2442
3933
8694
3090
3642
7124
3196
5536
5614
6904
2141
7731
7805
2720
3514
3710
1494
8954
4742
3016
8254
8377
8157
9980
6570
4084
2210
4519
8210
5108
3962
3973
3370
8683
6757
1284
9572
3495
3001
1641
9038
9857
6463
1068
4516
8687
3429
5857
3833
2438
1959
3445
3167
1455
5827
7689
4278
6629
6308
2740
7203
1265
9457
8866
4073
4786
2991
1025
9029
7310
2236
5943
8877
1682
5166
3886
2785
8351
2417
1224
3872
5351
5528
6789
6101
9808
7751
5052
3099
4651
7725
4589
4938
7683
7735
9256
5239
1532
5968
3966
5109
1466
8365
1802
9368
1748
1840
8105
2031
6859
8251
3364
4858
5734
9250
8004
4411
7674
7286
5277
4587
7785
3182
1513
7922
8601
5348
2940
4387
1270
1241
6914
2297
6564
8446
3949
9117
4891
7410
7054
2431
4717
6115
4531
9595
7448
1987
9725
1594
5581
2681
2809
4791
8929
8465
4790
5777
7835
9479
5720
6201
2577
1917
7318
6474
4270
4225
1328
3884
3656
6994
2332
6366
2617
4561
9495
5591
5837
9665
8230
6419
1097
4642
8793
8140
2608
9319
1197
1020
8408
2463
6846
5299
6966
7443
8588
1729
4936
2206
6494
8141
7413
7319
5357
1952
3161
2119
9812
3715
6247
1057
5742
2755
6447
8505
1278
8364
4631
6068
1684
1290
2124
3149
9774
5912
3004
1354
7179
5966
7678
5297
3508
9447
7584
6334
8133
3246
8814
2811
2147
2472
9487
2831
4895
7517
9121
5911
5042
9734
1339
2506
6289
1422
5871
5217
8182
5024
3771
3183
2783
4598
6099
6324
4964
3939
2477
5662
5621
6329
8339
6533
3408
2334
9491
3218
7505
6337
6910
1929
2651
6639
3034
3156
9262
4667
2560
9093
9544
6512
1745
2650
1210
6197
2708
5610
8088
9439
5828
6444
9459
2187
3917
8466
4513
1236
4904
6049
7276
1335
5571
5318
4386
1226
3487
8854
2904
9842
7171
8859
2919
4870
2644
2778
6595
5797
2985
9395
9363
4251
9364
8452
6951
3483
4914
5082
7841
6350
7178
9781
3880
4417
2142
2538
3855
7155
1519
6272
5094
6613
8518
7306
5057
8832
4465
5984
3935
2366
7642
6442
5666
6488
4636
6689
5143
6724
1364
2180
2007
7625
9525
9394
6979
2771
1332
3720
9194
9072
2754
4100
3121
1039
8491
6469
1663
6920
5411
6918
5329
9165
6590
7027
8681
7884
9606
5205
4721
4250
3627
2649
2585
3292
5452
5735
4804
3712
2033
9140
2024
2657
4580
7361
5245
1623
5818
6451
8007
8245
3732
9245
5121
3481
2966
5267
1796
5670
7492
7923
7343
2887
5617
7381
2984
8337
5377
9327
7217
7194
4923
3498
7782
6021
9578
5644
6326
8868
5733
1362
9444
2607
7197
1204
8055
5467
8082
6046
4522
1920
9307
5474
6279
1304
6098
8745
7786
1930
7897
5477
7874
6427
8403
7669
6132
9977
1308
5874
9070
7577
6315
7740
9878
1823
7108
8531
6522
2166
3809
8385
9040
9586
3528
7680
8860
1102
2298
1151
2903
7720
3137
9639
9206
5717
2043
1240
9864
6791
3375
8422
9426
6126
6536
4638
7494
2930
4172
8313
8354
1518
1990
5279
1896
1231
8828
2997
7226
2712
8889
1014
1482
1042
2133
8181
8000
6282
5232
6687
5389
4957
1228
4114
2829
3132
9124
1995
5379
8780
6486
3266
2418
3531
3805
7126
5383
5321
4443
2582
1838
9429
7631
9942
4211
7466
7774
7407
8225
6983
8426
2978
2983
5965
9592
6709
5973
8612
5210
5547
2543
2496
1115
7132
8883
4383
2195
7646
5715
6696
8231
4985
5054
5668
2658
7482
5463
8260
9607
9400
6071
7974
6022
8815
7497
6504
7380
9710
4216
9556
7141
5065
7955
1094
7285
4788
8460
6436
4484
5447
4385
4734
1790
9015
6217
5078
8787
8790
8977
2497
8103
7888
8406
6170
6402
7792
8903
7889
4049
5144
4863
7309
9549
8330
7447
6240
7271
7002
1487
3542
5483
3239
5685
4167
8269
2275
3752
7972
4297
2975
2227
3785
2956
5744
1662
4148
3284
6600
4023
1463
2502
1582
1502
2810
2836
5131
3101
2144
5790
5376
3971
7819
5585
3015
4477
1751
8636
5746
6671
5204
4797
3371
9600
5182
7905
8024
5805
2139
1573
4996
4092
1683
3569
8984
5736
6535
3207
2860
6935
7196
2589
4189
2281
6249
6651
6574
7455
4553
5846
3877
5642
9100
5899
8956
5039
9716
9087
8519
4627
1738
2912
3256
7349
9138
6523
8034
4380
9468
3227
8369
3841
1866
6255
1696
2878
7263
2959
7566
9280
6314
9573
5116
4204
1907
3969
6148
2307
2612
6954
4930
8142
8792
2402
8180
4308
6311
6934
8948
2004
8378
8644
1784
6313
7114
8149
4892
8047
1111
8880
5868
3873
7311
2035
6209
5375
4376
2622
5336
6331
4120
7902
7284
4057
3571
4693
2787
7899
4331
2993
8016
1317
1071
5253
8496
4794
4086
5040
8840
1925
3343
1271
6996
1899
2957
3696
4678
9042
6503
6265
8203
1124
7679
4479
4285
6421
4917
7095
3697
8188
2972
9167
5434
7239
9183
5164
1515
6292
8076
7550
6357
1844
4240
5171
6042
9323
6186
5771
6310
2760
5962
9838
6843
8652
2590
3896
8086
2618
7163
8484
5195
5064
8072
4174
7909
4840
6748
6540
5750
4676
3023
4321
9818
2451
6915
5504
4261
8366
3550
2196
8605
2736
4116
4005
9954
9480
1715
3652
8405
3084
3561
9520
9886
4713
7952
5856
5352
1366
9569
9679
7345
8295
1133
2534
4811
8283
5832
5845
5960
2207
1077
9174
4396
7850
3382
4139
3272
2290
7803
6471
2459
6968
3666
3296
5046
6554
3510
1873
2982
1767
3323
5629
2073
9786
9581
2596
4110
6367
5701
4595
9735
9143
3943
6032
9098
1599
8857
9181
1933
3330
6070
9290
1646
6854
5062
8675
5659
3984
1073
2960
8094
3423
2097
3931
5812
4591
6009
9007
9133
7012
7328
7010
7143
9111
6880
1445
8053
6822
8059
5974
9630
5633
6168
5649
7138
6556
6919
1614
1169
7771
8546
9559
3990
9997
8246
7437
4081
7341
3111
4849
6972
8095
9631
1200
6045
2103
5009
7416
7611
8443
1032
3501
3362
6937
1222
9013
3038
7703
1836
2436
4783
5278
9296
8713
9067
1555
8192
6555
1349
9304
9719
5399
9589
8235
4767
2112
5338
3369
3573
9336
7506
7314
9433
7845
7018
5530
8334
2165
5553
4692
3980
5079
1172
4170
6361
1384
7294
2777
4967
7463
4968
7289
5811
6397
4965
6521
2161
8736
9434
7633
5152
4504
3314
6466
8079
7714
7752
3673
8389
7219
8150
1161
5690
1330
1576
1916
7977
3268
2859
8431
2628
5596
5502
8333
7272
9273
4729
4703
4740
2229
2313
1153
8136
1979
1689
8513
9240
3891
4779
5168
8800
9128
9947
2642
6608
2199
2172
6988
5295
6774
5381
7218
3692
1955
4852
4217
6995
4819
4491
2784
1306
6432
5280
8259
7876
4364
5250
9830
1972
1450
8430
5521
4132
2906
6509
3650
2797
9024
7270
3048
6171
6840
7450
4208
3193
7958
9882
8069
9272
6178
9311
5887
8473
1787
4807
1301
4403
5698
7636
8869
2786
7615
7576
2661
7846
1119
9571
9341
4268
1670
7526
8360
6702
2643
3556
4146
8768
1413
1476
2045
3586
9172
8816
8716
2747
2761
6134
6449
9635
9189
7245
8152
6707
1483
9055
7092
5737
3392
7754
8704
2348
1316
9748
2170
3985
2367
4276
7818
5594
5889
9534
6497
8556
6295
6799
8127
1961
3887
3831
2992
5021
8348
1107
4458
5507
9739
1189
7848
4884
1267
5706
2916
5979
5305
2135
5454
8433
7663
8966
1134
4578
4040
2909
3000
1527
9443
9086
4750
2084
8039
7295
8332
9369
9678
8689
6573
6510
2278
9326
7493
8290
3821
9794
9849
1396
9964
3624
3735
9723
7807
9582
1731
9671
1676
2322
3222
2915
9130
6144
6701
4766
8969
4317
7332
3142
5346
4406
1617
7063
5799
9898
6489
5506
7560
1798
5588
3036
9597
8343
3926
3117
3780
9551
9428
2732
6991
5350
2041
7003
1344
1141
4476
8648
6204
5860
1069
7456
5437
4454
2270
1462
3282
7112
3760
7298
5994
4068
5826
4633
5031
9672
9822
2059
4272
9969
3523
7561
1005
6548
4944
2129
6373
6152
3929
7302
8626
1694
1400
6740
7552
5241
5967
5512
9614
3824
2350
8494
7783
6612
2894
7866
4129
9317
2796
4577
9178
7308
2593
6455
7076
6690
6154
4799
8779
7709
1492
7359
6181
8707
2101
3404
5112
4374
3405
6732
4452
7339
9047
5804
6493
8361
2316
5333
2250
9016
3070
5183
9756
1530
3204
9681
9866
5954
9332
4780
2800
5231
5496
5011
6246
7360
2709
5005
5957
5634
9427
1541
1418
4618
3377
6603
9897
4562
3897
7532
5550
6622
4911
9627
5740
2623
5884
8685
5456
1971
3881
4091
6873
6699
7794
3124
8973
9856
3281
8162
6229
3484
1287
5809
7812
5165
6228
8160
8396
7457
5972
9361
6116
1468
2370
8873
4954
5624
6222
8285
4745
2352
8413
2116
6196
6015
7965
8249
5340
2808
5058
6906
7869
3186
7715
2198
7243
4559
5128
7996
2214
2294
7753
7914
7397
9772
7553
1624
4623
7433
7282
2530
3352
6661
3509
6130
7833
3631
7870
9622
4245
6231
8382
7097
7019
2483
4770
7090
7690
4787
3688
8564
8797
3588
6670
9693
7133
3889
6544
7363
2764
2261
7109
5878
1977
7074
4026
8607
2432
1743
6256
1016
6901
1704
8028
3192
2089
1412
8358
8807
7800
6194
8194
3107
6278
7483
7961
9869
6585
4673
9613
1807
1331
1705
6997
8972
7672
2713
9284
3796
4951
2611
4955
5290
2799
6208
1621
3593
8950
1216
7687
4461
6565
9330
7372
4283
4435
6844
6190
8539
9847
2645
9593
9670
3062
2745
4888
9261
5940
9211
3848
6737
1652
9461
1625
7681
7061
6330
6730
1286
5944
6877
1717
7232
7779
9107
2565
1117
2938
7557
6415
1471
4686
9054
5904
8190
2233
4715
3426
9005
1257
4169
1957
7212
1949
6731
2341
9741
4349
4046
8266
4707
4903
1472
7828
5244
9585
3422
4456
5036
1276
8173
5479
3393
1033
4229
1834
8018
7259
2880
6360
3552
5237
2899
3601
3414
8335
1780
5037
3304
2376
2065
4586
4800
1688
4668
6384
9085
4409
1083
4798
5681
8090
9816
7933
9481
7072
9771
4143
4195
4760
5603
7336
8749
1383
8548
8560
7041
1055
7322
2464
4412
8895
2034
4408
4527
5989
3698
1370
3513
4682
6386
5529
7418
1736
9281
9389
7469
9914
4145
6232
6637
6338
3564
6111
5451
9175
4497
3215
5392
7051
9199
5839
9305
9065
1001
5344
4815
3680
9474
1572
3803
3338
3693
9160
1106
7200
7793
9048
2357
4485
8589
7152
5971
2300
4502
7908
3684
6214
3151
6525
1078
2399
2776
9430
6749
6094
4488
2239
1186
9698
4684
1156
4063
1343
9730
5142
4469
7699
8310
7762
6459
8610
6020
4540
8743
9192
9454
1459
2767
1093
1061
5424
1608
2526
2751
7154
9697
4860
6187
9008
3341
1603
4762
7223
6044
8035
7269
7488
2627
3219
3373
1449
9945
3744
8297
6019
8748
3312
6759
8114
9762
1620
1967
4990
1812
3131
8999
1805
6708
6409
9555
4421
9452
9463
2185
3572
7913
8641
1922
1307
2735
8517
1212
9988
6077
9687
6003
7421
1629
5127
1356
6431
3576
6359
2817
6207
5012
7710
8117
1849
6016
8516
5013
1085
3779
1526
8058
6291
7724
4442
9289
2696
3936
7864
6940
1996
6657
4747
5363
9884
6059
8532
5531
1460
8702
2223
8144
1150
6033
8480
9119
4483
7722
5941
4162
8224
8609
8717
7796
3937
7549
7529
8679
5246
5198
1365
9308
8289
9471
7388
1076
7373
5754
8881
2569
5768
4862
6852
3562
4726
4053
1348
7353
8570
2437
3452
2117
6765
9375
2528
9188
5315
2107
5604
9391
4399
6975
7682
3010
7509
6104
7136
6151
4466
6136
8040
6343
5862
2276
6917
7465
4995
4151
6591
8171
6285
3210
8627
3681
3700
8113
8931
1034
4248
7890
3061
8470
5861
5586
1980
3587
4296
4447
9782
2263
4152
9821
3665
8876
5225
8572
1416
3302
5807
8719
2529
5864
9027
4997
1994
7734
2659
1417
1567
9415
2157
6978
3279
2494
6038
1529
1880
2953
8670
6610
4548
4353
5104
7718
6368
5484
3694
2583
2536
1999
7772
1289
3435
2029
8674
9448
7802
7757
9584
5712
2409
6916
8992
1631
2794
2724
7507
2603
9621
4945
7129
2008
4637
9953
4405
3856
7945
5317
1500
2130
1433
6557
3380
9967
8701
1187
2252
7973
4864
1145
9462
5951
8046
2901
6412
9366
5141
9638
4499
6198
6304
8574
7170
8328
7586
6462
5995
3916
9342
9783
3037
1769
9231
6534
2384
5928
1655
3063
8419
3948
5580
4525
8882
7729
7787
5808
1230
2523
5573
4728
2563
7181
7230
8179
7150
8315
3217
8777
6275
2793
7643
8461
3888
1818
7091
4984
3275
2711
6562
2875
9497
7938
3447
9106
7660
5637
9826
6851
2308
3551
4355
6036
9550
3671
3625
6516
5896
5156
8009
1766
8751
6082
2893
1607
2327
4880
3737
8521
3436
4795
3547
5919
2123
6381
3617
9815
8342
1315
6823
9789
4626
7399
8002
7881
5770
5328
2968
8841
9859
3384
7630
5933
1441
4017
9981
6812
3621
1206
8621
5412
1638
8243
8526
1159
8615
6267
7422
7167
5544
5431
5981
2055
5568
8970
3519
4752
4180
6526
1970
4709
7005
7209
4113
7486
9051
3253
5891
5316
6625
2849
5192
7934
2257
8919
1443
2637
4274
5703
3810
2728
6257
6268
5613
9387
6067
7957
4999
4725
3924
8647
9841
1740
1310
1096
2545
1040
4182
7220
6890
2851
3019
9737
8054
9073
4641
8407
5155
9998
1893
3677
8012
4865
4986
5982
9202
2003
3675
2228
5922
6501
5810
8078
3285
1323
8411
4089
4190
6160
8528
6668
1776
8195
9893
7087
5480
7702
9753
7539
2857
2599
8863
8282
8543
1353
9951
1262
1321
9515
9425